496137
119962
514684
617771
891304
425261
601337
565619
146119
726582
259853
630605
332474
281577
442416
816922
456373
453748
574973
749740
264278
694635
178498
672570
106846
226147
599127
844811
74757
90666
425354
497242
221653
770308
291426
927291
758073
388396
44884
61928
306040
833695
892656
453420
42623
183832
589772
817598
833651
567263
572519
633516
401799
516377
559698
161344
298422
903851
315315
189070
380659
931039
69551
598735
897687
654193
425010
334841
333458
427356
193677
431435
891432
744944
482051
23907
593376
86781
127472
350601
176156
550664
806493
582079
728211
266987
413252
541127
320996
669320
38597
388103
567254
380035
384675
279283
870290
243737
786210
467494